22(5567) 22(5567652)
22(5567) (767)1(76)1(765)
(2557)1(765677776765)
(2577)1(765677776765#4)
(#45555#45)(5555#45)(5555#45)
(555)222 222222 22221(7)
(5553#45)21(755) (55575)
(3#45)21(756)

(76)1(75)2#45#42(5)
(5)33 322 21(767)1(7)
(7)#1#2(7)#1#2#46#455
5522321(67)123(5)3#4#4
(76)1(7) (5)2#45#42(5)
(5)33 322 21(767)1(7)
(7)#1#2(7)#1#2#46#455
5522321(3#4567675)
--------------------------
(#45555#45)(5555#45)(5555#45)
(555)222 222222 22221(7)
(5553#45)21(755) (55575)
(3#45)21(756)

(76)1(75)2#45#42(5)
(5)33 322 21(767)1(7)
(7)#1#2(7)#1#2#46#455
5522321(67)123(5)3#4#4
(76)1(7) (5)2#45#4665
533 322 21(767)1(7)
(7)#1#2(7)#1#2#46#455
5522321(3#4567675)