1=C
(67)1(7675)
(654543)
(67)1(7675)22
33322
(67)1(7675)
(654)1(3)
(67)1(7675)22
333432
(567)1 11 11 (7)122
2 22 22 (75)1
11(5) 1(5)11
11(5) 1(5)11
112 3333 34332
123 333 333 432
(7)12 222 222 321
111544332212212
1214332211234351
3333 333 432
(77)5 555 552 321
1115443322132
(5)3221

(67)1(7675)
(654543)
(67)1(7675)22
333232
(67)1(7675)
(654)1(3)
(67)1(7675)22
333432
(567)1 11 11 (7)122
2 22 22 (75)1
11(5) 1(5)11
11(5) 1(5)11
112 3333 343323
1=#C
123 333 333 432
(7)12 222 222 321
111544332212212
1214332211234351
3333 333 432
(77)5 555 552 321
1115443322132
(5)3221

1213 3432 (7)12 2(7)1
(57)1 (57)1 (57)1 12343451
3333 333 432
(77)5 555 552 321
1115443322132
(5)3221