(7)25#42
(7)25#465#4#2
(7)25#42

(7)25#4 #23#23#23#23#23#2

3#45#45#4
#4#45#455#4 (7)1(7)1(7)
3#45#45#4
#4#45#457 33#4#45#4
(777 777 776)223(7)
(7776)223(7 77)1(7)
(7)5#42
(777 777 776)223(7)
(7776)223(7 77)1(7)
(7)5#42
333 33 3353
333 33 3376
333 33 3353 3335#432
333 33 3353
333 33 3376
333 33 3353 777[2]765
7332 37333#4
#4#4#45#45#4(7)
(77)23#4
35332 26665657 653
3777[2]765
7332 37333#4
#4#4#45#45#4(77)
(7)23#4 35332
666 5667

3#45#45#4
#4#45#455#4 (7)1(7)1(7)
3#45#45#4
#4#45#457 33#4#45#4
(77 77776)223(7)
(7776)223(7 77)1(7)
(7)5#42
(77 77776)223(7)
(7776)223(7 77)1(7)
(7)5#42
333 33 3353
333 33 3376
333 33 3353 3335#432
333 33 3353
333 33 3376
333 33 3353 777[2]765
7332 37333#4
#4#4#45#45#4(7)(7)
(7)23#4
35332 26665657 653
3777[2]765
7332 37333#4
#4#4#45#45#4(77)
(7)23#4 35332
6666 65667
[211]77[1]753 33666 77[1]656
[211] 7[11]7753 333666 66[1]656
[1]6656 [1]6656

37332 37333#4
#4#4#45#45#4(77)
3533 332 2666 5657 653
3777[2]765
7332 37333#4
#4#4#45#45#4(7)(7)
(7)23#4
35332 26665657 653
3777[2]765
7332 37333#4
#4#4#45#45#4(77)
(7)23#4 35332
6666 65667
(7)25#465#4#2
(7)25#42
(7)25#4 #23#23#23#23 #2 3