1=C

2 4 3 4 5 6 4 3 2 
2 4 3 4 5 [1] 6 5 6
2 4 3 4 5 6 4 3 2    2 1 2 3 4 3 2
2 4 3 4 5 6 4 3 2 
2 4 3 4 5 [1] 6 5 6
2 4 3 4 5 6 4 3 2    2 1 2 3 4 3 2
6 5 6 5 2 6 [1] 5 
6 5 6 5 2 3 4 5 3
6 5 6 5 2 6 [1] 5     5 6 5 6 7 5 6
6 [2][2][1] 5 6 
6 [2][3][2][1] 5 6
6 5 6 5 4 3 2 
6 5 6 5 4 3 2

间奏：2 6 6 7 6 5 4 5 6 3      2 6 6 7 6 5 6
[3][3][2][3][1]6 2 3 4 3 4 5 1 3 2

2 4 3 4 5 6 4 3 2 
2 4 3 4 5 [1] 6 5 6
2 4 3 4 5 6 4 3 2   2 1 2 3 4 3 2
6 5 6 5 2 6 [1] 5 
2 4 3 4 5 6 4 3 2 
2 4 3 4 5 [1] 6 5 6
2 4 3 4 5 6 4 3 2   2 1 2 3 4 3 2
6 5 6 5 2 6 [1] 5 
6 5 6 5 2 3 4 5 3
6 5 6 5 2 6 [1] 5   5 6 5 6 7 5 6
6 [2][2][1] 5 6 
6 [2][3][2][1] 5 6
6 5 6 5 4 3 2 
6 5 6 5 4 3 2
6 [2][2][1] 5 6 
6 [2][3][2][1] 5 6
6 5 6 5 4 3 2 
6 5 6 5 4 3 2

6 5 4 3 1 (6) 6 5 4 3 1 2 5 3 [1][2]