1=#C
145 566666 655555 54444444111
145 5666666[1]6666654566
56544 56544
4444 4444 4431 14444 4444 4431
14444 444511 (5)1(6)122
4444 4444 4431 14444 4444 4431
14444 444511 (5)1(6)122
2 2212233 3323344 11(6)122
2 2212333 3323344
56542 56542 565411(6)1122
6542 5654 11154
145 566666 655555 54444444111
145 5666666[1]6666654566
145 566666 655555 54444444111
145 5666666[1]6666654566
56544 5654
2 2212233 3323344 11(6)122
2 2212333 3323344
56542 56542 565411(6)1122
6542 5654 11154
145 566666 655555 54444444111
145 5666666[1]6666654566
56544 56544
5 4 3 2 3 1 2 2 3 3 4 5 4 3 2321
11(6)1122 2212233 3323344
654566 6542 56542254
145 566666 655555 54444444111
145 5666666[1]6666654566
145 566666 655555 54444444111
145 5666666[1]6666654566
145 566666 655555 54444444111
145 5666666[1]6666654566
145 566666 655555 54444444111
145 5666666[1]6666654566
145 566666 655555 54444444111
145 5666666[1]6666654566
56544 56544 56544 56544