4564[1] 65 [1] 5 426 43

3 2 3 451 4 56#6 #66545

4564[1] 65 [1] 5 422 341

1 2 3 451 4 56#6 #66544

6#6[1][1][1][1] [1][2][1]#66

6666#6654 4 432 3 345 56565

6#6[1][1][1][1] [1][2][1]#66

6666#665432 23451 4 565 5544
 

4564[1] 65 [1] 5 426 43

3 2 3 451 4 56#6 #66545

4564[1] 65 [1] 5 422 341

1 2 3 451 4 56#6 #66544

6#6[1][1][1][1] [1][2][1]#66

6666#6654 4 432 3 345 56565

6#6[1][1][1][1] [1][2][1]#66

6666#665432 23451 4 565 5544	

4564[1] 65 [1] 5 426 43

3 2 3 451 4 56#6 #66545

4564[1] 65 [1] 5 422 341

1 2 3 451 4 32 3 451

432 3 451 4 56#6 #66544  

6#6[1][1][1][1] [1][2][1]#66

6666#6654 4 432 3 345 56565

6#6[1][1][1][1] [1][2][1]#66

6666#665432 23451 4 565 5544