1=C
333 3236322 222 212521(7)1
(67)11111 (67)1111(7)1 (67)11 1 1512
345555 432231 345555 43223 123(6)1
67[1121]7 3566545 15544#24 145#55
67[1121]7 3566545 5544#24 5#5#6#5#55#5
5#5#6[1] #5#6[1] [1]7[12] 5[1]7[1]

333 3236322 222 212521(7)1
(67)11111 (67)1111(7)1 (67)11 1 15432
345555 432231 345555 43223 123(6)1
67[1121]7 3566545 15544#24 145#55
67[1121]7 3566545 5544#24 5#5#6#5 #55#5
5#5#6[1] #5#6[1] [1]7[12] 5[1]7[1]

67[1121]7 3566545 15544#24 145#55
67[1121]7 3566545 5544#24 5#5#6#5#55#5
5#5#6[1] #5#6[1] [1]7[12] 5[1]7[1]