32532 21521 32532 21521
------------------------------------
333 3236322
222 212521(7)1 
(6)(7)1111 11
(6)(7)1111 (7)1
(6)(7)1111 15 4#22
3 4 555 5432 231
34555 5432 23
123 (6)1

67[1][1][2][1]7
3566545
1544 #24 145 #5 5 
67[1][1][2][1]7
3566545
55544 #24
5#5#6#5#55#5 5#5#6#7
#5#6#7 [1]7[1][2] 5[1]7[1]
------------------------------------
6323 ..-63236
------------------------------------
3[1]3736 545
1246[1]75323 
3[1]3736 545
3246[123]756 
	
3[1]3736 545
3246[1]75323 123
3[1]3736 76 545
3246[123]756 
------------------------------------
(6)12231 (6)122253 35666[1]765432(6)3
(6)12231 (6)122253 35666[1]763(6)1 
(6)12231 (6)122253 35666[1]765432(6)3
(6)12231 (6)122253 35666[1]763(6)1 
------------------------------------

67[1]7[1][3]7 3656[1]5
3434[1]3 [111]7 #4#477

67[1]7[1][3]7 3656[1]543
3434[1] 323[1]  [1]#4#47 767[1]7

------------------------------------
67[1][1][2][1]7
3566545
55544 #24 145 #5 5 

67[1][1][2][1]7
3566545
1544 #24
5#5#6#5#55#5 5#5#6[1]
#5#6[1] [1]7[1][2]
5[1]7[1]
------------------------------------
32532 21521 32532 21521