1=C
#6#5#4#67 7#6#5#44#5#6
#6#5#4#5#6#44#4#54#2

#245#25[1]#5 #5#6[1]#5#6[1][2]#645#5#5#5#65
7[1][2]57[1][2][#2] [#2][4][5][#2][2]#6[2][#2][1]

1(#6)123(7)(7) (6)(5)(6)(7)1(5)(5)
(6)(5)(6)1 (7)(6)(7)2 123211(7)(7)
1(7)123(7)(7) (6)(5)(6)(7)133
4 4321(7) (7)54321(7)(5)(7)(7)(6)(6)
(7)(7)(7)12243 22234453
#2#2#24#21 112#25 544
222#245#55

#245#25[1]#5 #5#6[1]#5#6[1][2]#645#5#5#5#65
#245#25[1]#5 #5#6[1][2][#2][2][1][#2][2][#2][4][5]
#245#25[1]#5 #5#6[1]#5#6[1][2]#645#5#5#5#65
7[1][2]57[1][2][#2] [#2][4][5][#2][2]#6[2][#2][1]