1111(#64566) 1111(#64566)
(4)4341 (4)2134
(4)11(#6625)
1111(#64566) 1111(#64566)
(4)4341 (4)221156
56266#6654

[1]#66[1]2 [1]#66[1]1
[1]#66[1] 2344454566
[1]#66[1]2 [1]#66[1311]54
6#6[1]#665434

1111(#64566) 1111(#64566)
(4)4341 (4)2211(56)
56266#6654

[1]#66[1]2 [1]#66[1]1
[1]#66[1] 2344454566
[1]#66[1]2 [1]#66[1311]54
6#6[1]#665434

[1]#66[1]2 [1]#66[1]1
[1]#66[1] 2344454566
[1]#66[1]2 [1]#66[1311]54
6#6[1]#665434

[1]#66[1]2 [1]#66[1]1
[1]#66[1] 234545 545 6[2]6[1]
[1]#66[1]2 [1]#66[131154]
6#6[1]#665434