1=C
(556)12365 321  121(7)14(6)1232
232#125(7)2321  121(7)14(6)1(565)
(556)12365321  121(7)14(6)1232
232#125(7)2321  121(7)14(6)1 121
3432343234  4545432123
33213322#12  22342655#45

34345  34345  56567[1]33665
1214321  4321  12(6)135
34345  34345  56567[1]33665
1214321  14321  12(6)121

(556)123 65 3221  121(7)14 (6)12 332
232#125 (7)2 3221  121(7)14 (6)1 (565)
(56)1123 65 3221  121(7)14 (6)1 2332
232#125 (7)2 3221  121(7)14(6)1 121
34323432334  45454321223
33213322#12  22342655#45

34345  34345  56567[1]33665
1214321 14321 12(6)135
34345  34345  56567[1]33665
1214321 14321 12(6)1121

34345  34345  56567[1]33665
1214321 14321 12(6)135
34345  34345  56567[1]33665
1214321 4321 12(6)1121
11214321 4321 12(6)1121