
5[1]7655234   3434   321(7)1
1221

1(7)(6)(5)   (5)(4)(3)(2)   (2)(3)(4)(3)(2)
1  1(7)15  5432 3

3  (5)5543121221
(7)1(7)1(7)(5)(5)(5)(6)(6)  1(5)
2334432  1(7)11
(5)5543121221
(7)1(6)223432211
(6)(5)
2334432
1321  1[1] [1] [1] [1]  [1][1][1][1] 7655
12343  12343
123434   321221
111(6)(5)(5)  123  343  13  245
5[1]7655234  43434	321
5[1]7655234  43434	321
5[1]7655234  43434	321
5[1]7[1]  5[2][1][2]  555[3][4][3][4]  [4][3][2][2][1]
5[1]7655234  43434	321
5[1]7655234  43434	5665
5[1]7655234  3434  321(7)1
1221

3 (5)5543121221
(7)1(6)223432211
(6)(5)
2334432
5[1]7655234  43434	321
5[1]7655234  43434	321
5[1]7655234  43434	321
5[1]7[1]  5[2][1][2]  555[3][4][3][4]  [4][3][2][2][1]
5[1]7655234  43434	321
5[1]7655234  43434	5665
5[1]7655234  3434  321(7)1
1221

211(7)(5)   (4)(4)(3)(4)(3)(2)(1)
(3)(4)(5)	(1)(5)(6)(6)(7)12
(5)2121	12121	(5)3434321
(5)2121	12121	16535321
(5)2121	12121	(5)3434321
5[1]7[1]  5[2][1][2]  555[3][4][3][4]  [4][3][2][2][1]
5[1]7655234  43434	321
5[1]7655234  43434	5665
5[1]7655234  3434  321(7)1
1221