3#457623 2221(7)1(7)
(7)1115#4 322265
67[1] 35353 7[1]76

3#457623 2221(7)1(7)
1115#4 27 7655
3#45 55#455

3#45 7656
#456 6765#45
3#4555 55#422[1] [1]7767
[111] [1]656
#456 6765#45
3#45 35353 [21]5 576

256[1]77 566677
5[1]77 566677
55[21]7[12] [2232]#45
37667[1] 77667[1]

256[1]77 566677
5[1]77 5666[2]7
55[21]7[12] [22232]#45
33766 35#43#45

3#457623 2221(7)1(7)
1115#4 22265
67[1] 35#4#455

3#45 7656 
#45666765#45
3#45 5#422[1] [1]77767
[111] 656
#456 66765#45
3#45 35353 [21]5 76

256[1]77 566677
5[1]77 5666[2]7
55[21]7[12] [2] [32]#45
337676[1] 77667[1]

256[1]77 566677
5[1]77 5666[2]7
55[21]7[12] [22232]#45
33766 35#43#45

256[1]77 566677
5[1]77 566677
55[21]7[12] [2232]#45
37667[1] 77667[1]

256[1]77 566677
5[1]77 5[21]7[12]
55[21]7[12] [22232]#45
33766 35#43#45
337[11] 22665#45